769 Beets                                    012 036 1.23 2016 01 12 2016 05 05 010
876 Beans                                    015 020 2.34 2016 01 02 2016 09 09 005
900 Greens                                   024 010 1.89 2016 01 02 2015 01 01 019
512 lentels                                  010 012 3.90 2016 04 02 2013 04 23 004
769 Beets                                    012 036 1.23 2016 01 12 2016 05 05 010
876 Beans                                    015 020 2.34 2016 01 02 2016 09 09 005
900 Greens                                   024 010 1.89 2016 01 02 2015 01 01 019
512 lentels                                  010 012 3.90 2016 04 02 2013 04 23 004
428 rice                                     020 050 3.67 2016 01 17 2012 12 12 024
500 Tissue                                   010 010 3.98 2016 09 09 2016 11 11 025
611 Peas                                     100 012 2.98 2016 12 27 2009 11 10 005
691 Orka                                     099 015 1.08 2016 09 18 2015 11 11 019
319 sugar                                    012 005 6.45 2016 10 23 2016 02 02 005
499 chips                                    040 010 1.99 2016 10 10 2016 05 05 027
510 cokes                                    099 050 1.89 2016 11 11 2016 09 09 019
550 Bread                                    018 010 3.45 2016 12 12 2016 19 19 011
775 dog_food                                 012 020 2.89 2016 01 08 2016 09 09 010
773 Cat_food                                 012 020 1.90 2016 02 01 2015 08 09 011
790 Kitty_litter                             005 010 5.90 2016 03 01 2015 07 07 003
780 Paper_Plates                             019 040 1.00 2016 08 08 2015 06 06 018
290 Chicken_Soup                             100 034 2.36 2016 09 03 2013 05 02 050
101 Tuna_fish                                150 012 0.79 2016 11 11 2012 01 01 100
212 Boiled_Peanuts                           200 008 9.90 2016 03 08 2014 01 06 115
201 Fish_Food                                010 005 8.21 2016 03 08 2014 01 05 025
202 Rain_water                               020 020 5.90 2015 05 08 2012 05 12 050
